9.603689364867327161e-01 9.659236112577007649e-01 9.890164736760035380e-01 9.918710162843081823e-01 9.715667193107391242e-01 9.450106769184810629e-01 9.070174302669514743e-01 9.297541476171564678e-01 1.039281918665367233e+00 1.068726089036474924e+00 1.007941810077867872e+00 9.195622535114833518e-01 9.594334983188524957e-01 9.932872327782514832e-01 1.001162409564764433e+00 1.028821437338696132e+00 1.129173055839721274e+00 1.107515821771732245e+00 1.055760042254759279e+00 1.080629319244307940e+00 1.117477959596311354e+00 1.054350773635389649e+00 9.646479371673429837e-01 1.040837197634400191e+00 1.069443773547230636e+00 1.014048874437603054e+00 1.137468653111802785e+00 1.184405040249878471e+00 1.143648021902627487e+00 1.048019849343275078e+00 8.177923301655720678e-01 7.637700292342686215e-01 7.949889225879046561e-01 9.043849456814809784e-01 9.802242426024053712e-01 9.207697287732796720e-01 8.348774194676138460e-01 7.152988080559306017e-01 7.189103742441997902e-01 1.013685608556358808e+00 9.884811503116405218e-01 9.802617356639043988e-01 8.668555875249831510e-01 8.972483526442111001e-01 9.742968815673624938e-01 7.530546025014528411e-01 7.491822879147624903e-01 9.052372290476373706e-01 1.024535424883801671e+00 1.015732236226519314e+00 8.989885165692931279e-01 9.563545279973100222e-01 1.003327250320356745e+00 9.046397185449223111e-01 9.967991173622315904e-01 1.237574667524766969e+00 1.097783062472136972e+00 9.702701906082413785e-01 9.735376921871355949e-01 9.489204979944454443e-01 9.252096931415878522e-01 8.661726057482577179e-01 8.776442183008393849e-01 9.328173702956061852e-01 9.650792687148700422e-01 1.044457386911901819e+00 9.417599155178145720e-01 7.169166212826351137e-01 6.395953362412438725e-01 7.861477615884566728e-01 8.985527868868906642e-01 9.199745190666470673e-01 8.963209617286128639e-01 8.982236682514380677e-01 8.876656770813977637e-01 1.063319921221645092e+00 1.020812671254562654e+00 8.641848389040028833e-01 9.229491826527358445e-01 1.187054083013795669e+00 7.482284975625642653e-01 7.423231541210796314e-01 8.433624539720481206e-01 7.017874044224141628e-01 9.011940441836086002e-01 8.251036825752453563e-01 6.921376514934178825e-01
9.659236112577007649e-01 9.913947437473340507e-01 9.985888204375037436e-01 1.016919397656422364e+00 1.004621264224225596e+00 9.818283464685642059e-01 9.399380436588730126e-01 9.401175854853295322e-01 1.006278442356433045e+00 1.006692413684824094e+00 9.864074607126935845e-01 1.032503312086091807e+00 1.019957629378653641e+00 9.311149269439298326e-01 9.591627783113266803e-01 1.070267062913717870e+00 1.147126619908736656e+00 1.102619824951868832e+00 1.019636996369122528e+00 1.080256290636166572e+00 1.147144488454257649e+00 1.071586466190826314e+00 9.898496909560500212e-01 1.053667113445268866e+00 1.064625272533329392e+00 9.344339401720548333e-01 9.372254848570168440e-01 9.916065224737742323e-01 9.892888655000785514e-01 9.981569445394208318e-01 9.258035129384092343e-01 8.588436730456844304e-01 7.861681520500145570e-01 8.743088951575681556e-01 8.903070940952938495e-01 9.592688875643458069e-01 8.239448246243119556e-01 6.256163198740253284e-01 7.355612234777280101e-01 9.077637438502917933e-01 9.892521220677131799e-01 8.357811274957995806e-01 7.714972523122508585e-01 8.369547435071865715e-01 8.080622616202062236e-01 6.758492057912096618e-01 7.553983075941055336e-01 1.118374621199246688e+00 1.135031361146260132e+00 9.935899831137640081e-01 9.537673859987185754e-01 9.312631452007137378e-01 1.001652618918928983e+00 1.032599512264899655e+00 1.055088152061600448e+00 1.182228391514720922e+00 9.129223322564787857e-01 7.881187578081642053e-01 8.943691929528259088e-01 9.202858982478209215e-01 9.693356541752298217e-01 8.640727111691044460e-01 8.687173207634950600e-01 8.627755735154436501e-01 1.005977271656166794e+00 1.082461406929545955e+00 1.014854287346145689e+00 7.994185266097645348e-01 8.116239682788802812e-01 9.067862107984122622e-01 9.490851010814544964e-01 9.217304565030066676e-01 9.036679905681884728e-01 9.174040456624625861e-01 8.636295625675568521e-01 8.244077696663006938e-01 8.497364137352979574e-01 7.796982001348540248e-01 7.851889548580763822e-01 8.054509909224847330e-01 6.772385787748557151e-01 7.895348766895284864e-01 8.868174937372645950e-01 7.356074325638045641e-01 8.274951458893604617e-01 9.326281568325698323e-01 8.461639255844526364e-01
9.890164736760035380e-01 9.985888204375037436e-01 9.974211733066838947e-01 1.002774230122123855e+00 9.967926609218613621e-01 1.007060500330310582e+00 9.529925308189949318e-01 9.150267997332423020e-01 9.495169836248855688e-01 1.016463706954664481e+00 1.046660340736262462e+00 1.080828083632549008e+00 1.011109439177475311e+00 9.436481315021154614e-01 9.360344190670948361e-01 9.833379103310909697e-01 1.039918518129062219e+00 1.093525915627999723e+00 1.044208977986289311e+00 1.024317846670714793e+00 1.022070185503162421e+00 9.866988576899345942e-01 1.002811800702966716e+00 1.045140347543101367e+00 9.830691576416870081e-01 8.893866396512578598e-01 8.746008451390712146e-01 8.723980569683628117e-01 8.907859229688591673e-01 8.990086390466968114e-01 9.306423699305764741e-01 9.238613854086987764e-01 9.137215034710247652e-01 8.254723799915295590e-01 8.242816413648602625e-01 8.409192671418102005e-01 8.029136992629464231e-01 7.370179930220934761e-01 6.710731136379689543e-01 8.390679324040190012e-01 9.052808943933954300e-01 7.636230350527064559e-01 7.291243519360998127e-01 7.774602464298963067e-01 8.083801605318998718e-01 8.148286686354778707e-01 9.278915618267187249e-01 1.113056888202224481e+00 1.116992568561719912e+00 8.425271541408042575e-01 7.850466160647100455e-01 9.489853716931604399e-01 9.359857618470476259e-01 1.034413218948628144e+00 1.095038191671805272e+00 1.061304133079864265e+00 9.176172647301816809e-01 7.767782433760236360e-01 8.140448677915486098e-01 1.067164078548865414e+00 1.177587595992270364e+00 1.025428886636524428e+00 8.718168724441647255e-01 7.637431475784322021e-01 8.556280567205524212e-01 9.134476167164146121e-01 8.886928270051190903e-01 9.680822994314062235e-01 8.572476805385862431e-01 9.424293912565490094e-01 1.025335593041661220e+00 8.151808001329480247e-01 7.592107429364371995e-01 7.961788943245460271e-01 7.278701479102576144e-01 6.635422183174946031e-01 8.274318265243311155e-01 9.121152533364184078e-01 6.469664859886633534e-01 5.489967016577707026e-01 6.958128092032136447e-01 9.849725464680685327e-01 8.596213407803221518e-01 6.654126910403913575e-01 8.699987701650264693e-01 1.027286847989742791e+00 1.003668439114217215e+00
9.918710162843081823e-01 1.016919397656422364e+00 1.002774230122123855e+00 1.013131125514378450e+00 9.859051447190272377e-01 1.020319055014017984e+00 1.009548898758938718e+00 9.257905527883524277e-01 9.477833125579947504e-01 1.044306931240635006e+00 1.103473277147112741e+00 1.076061199895915088e+00 1.001249089419399052e+00 9.858534322358140090e-01 9.677268745234077763e-01 9.472291590295146557e-01 1.030035237950279736e+00 1.022831295297357723e+00 9.860520785630142448e-01 9.466007258989403983e-01 9.238307259129403537e-01 9.461625514407290272e-01 9.371143494966777121e-01 8.971475263139035983e-01 8.927573317614642123e-01 8.820999528560622416e-01 9.359194717577751232e-01 9.701912791296934957e-01 9.263259599971959135e-01 8.049180964493262147e-01 7.983148043122387794e-01 8.749255084075943101e-01 9.932041775233479974e-01 9.810305627202612344e-01 9.160095238903555037e-01 8.301011161035201091e-01 8.761614763085410207e-01 8.909372079534050304e-01 7.275673045640373982e-01 7.699351522922679436e-01 9.520990067605742402e-01 9.214523495407941356e-01 8.578118764764152138e-01 8.313945429917983798e-01 9.808042961354186406e-01 1.007395183260817895e+00 9.142754261646576230e-01 8.738102051893750222e-01 8.387395341063197396e-01 7.339308880153306847e-01 7.026017903105166162e-01 7.563870992945291860e-01 8.387720061842647290e-01 1.052598615541024074e+00 1.036472124141663231e+00 1.039641099534480917e+00 9.446641943866616042e-01 7.532668119692492725e-01 8.397117109874844276e-01 1.058498973272687271e+00 1.215983511091851987e+00 1.042621164569156100e+00 8.238534568812168057e-01 8.441170725028172006e-01 8.300575255869224733e-01 7.030171330672011498e-01 7.874985163329613069e-01 8.519562357743171166e-01 7.787060436129537022e-01 8.485900109011221826e-01 9.917620864952851889e-01 8.611098339468674645e-01 7.941639265903012168e-01 7.192919424296347897e-01 6.570841222225084488e-01 8.064474268990764472e-01 9.733105202225766917e-01 9.275735530126074657e-01 8.050788484075755980e-01 7.454469749482854901e-01 7.669677515300371562e-01 7.787649395212126180e-01 6.244856654554007402e-01 5.894936531835416327e-01 8.904073963887115806e-01 1.011092454293963661e+00 1.030708206120104942e+00
9.715667193107391242e-01 1.004621264224225596e+00 9.967926609218613621e-01 9.859051447190272377e-01 9.945534710307898374e-01 9.891733396394806199e-01 1.016728281823326308e+00 9.977506855991036261e-01 9.552933775155497687e-01 9.951866780013571834e-01 1.070350827834135377e+00 1.050039350389316173e+00 1.018534450568202354e+00 1.008781107076362149e+00 9.946594973136454465e-01 1.004996530173830172e+00 1.020769642465025884e+00 9.983530938734272997e-01 1.013637564573909300e+00 1.073668402754389017e+00 1.051644319609385869e+00 1.068804806301845156e+00 1.009139952426250320e+00 9.506934494876565500e-01 9.144803566775419057e-01 8.559829543893952009e-01 9.119112326626972465e-01 9.954700346683557077e-01 1.045908436694309218e+00 1.008533141789387022e+00 8.156315420201603050e-01 7.579323406072558944e-01 8.772385997056664220e-01 1.073940952099572854e+00 1.035374708471414440e+00 9.283873195596669126e-01 8.678793040455072827e-01 8.894666720426958051e-01 8.303953641918485618e-01 8.000796039640858393e-01 8.860487576141550248e-01 9.037639007031322835e-01 9.336059015774508252e-01 9.505074779722331169e-01 9.130321445246015744e-01 9.286025505403572300e-01 8.074686768681240689e-01 7.949503100503234609e-01 8.658394368948602038e-01 8.094219298088454195e-01 6.957988936053707274e-01 7.047381840126252239e-01 7.965584493676282074e-01 8.146614793020267031e-01 8.204469236862464987e-01 8.968343595945273972e-01 8.695001509973119269e-01 6.518343717749487398e-01 7.664453164838143095e-01 9.249950644161182289e-01 9.614139579369813671e-01 8.124722811085656193e-01 7.303446638930121138e-01 8.871247854622652529e-01 9.156058797058838072e-01 7.567903453871215325e-01 7.900071456920152446e-01 7.602994096162316584e-01 8.672382609157740507e-01 8.601024310613187840e-01 8.430805813758402989e-01 8.609448257059709730e-01 8.411024191329210531e-01 8.201757502479797290e-01 8.616057283942806233e-01 1.054814037301803120e+00 9.946928904509821923e-01 8.108232460623626681e-01 8.530877809907949638e-01 9.251314499421621207e-01 9.618488406747824904e-01 6.650384436414219502e-01 4.491932473437501572e-01 6.771147548818061690e-01 6.399995057915746077e-01 6.610141310063114561e-01 6.680211033525884634e-01
9.450106769184810629e-01 9.818283464685642059e-01 1.007060500330310582e+00 1.020319055014017984e+00 9.891733396394806199e-01 9.766150071544873468e-01 9.829560762463495083e-01 9.878587614075946544e-01 9.815622949832718547e-01 1.012165597964174379e+00 1.067052108660778931e+00 1.010661129127841340e+00 9.931125919827281656e-01 9.804226409152504429e-01 9.794819837219022052e-01 9.959755774493538327e-01 1.012837199969236490e+00 1.040260178379507350e+00 1.046313587779450716e+00 1.127372014771829356e+00 1.098046457278579524e+00 1.029336475757932634e+00 1.028099829964988166e+00 1.017395104133213879e+00 1.026598730140198645e+00 1.079024857217634414e+00 1.072326502621975486e+00 1.008252126512133584e+00 1.031953044067492442e+00 1.028549988923064262e+00 8.473207713307497890e-01 7.631045079261501440e-01 8.536893832585874531e-01 9.890871164220252920e-01 9.246019057311132272e-01 9.192597523683567751e-01 8.929566681567824293e-01 7.245748096457910181e-01 8.297485659576350203e-01 8.368655001854887754e-01 8.951056784830933033e-01 8.002004166962122245e-01 8.154563200752382723e-01 7.811125009306280065e-01 7.551619415271701996e-01 7.106523900586548814e-01 7.742406100446967976e-01 8.871446290273344859e-01 9.596529559372872775e-01 8.655341122766861961e-01 7.548513212821031937e-01 8.194587420201059347e-01 8.422390027613965158e-01 8.259095125994135866e-01 9.282921052668287043e-01 8.885884039602675033e-01 1.014892830264191304e+00 8.317996862967084182e-01 7.919578560953031143e-01 9.310559690866697657e-01 9.072507973443780793e-01 8.428538160294561932e-01 6.736241223235339692e-01 7.634931377377167649e-01 9.548050197700294062e-01 9.207308085911128925e-01 8.444914732269171997e-01 8.751216648716299007e-01 9.861905590214665729e-01 9.084243878451522258e-01 8.211166058838184068e-01 7.935682144325509890e-01 9.004927739884359683e-01 1.209565213899637781e+00 1.204467414831829508e+00 1.280602908842021215e+00 1.167899901462603030e+00 8.810214734690641203e-01 9.776593189898128422e-01 9.917371968216136535e-01 1.028175358725114119e+00 7.610958120643045444e-01 5.492047366234481531e-01 5.917932717363449946e-01 6.292018558274136142e-01 5.816382210349486659e-01 4.058645373467172912e-01
9.070174302669514743e-01 9.399380436588730126e-01 9.529925308189949318e-01 1.009548898758938718e+00 1.016728281823326308e+00 9.829560762463495083e-01 9.830975685939253861e-01 9.737835325949526499e-01 9.714770463630167940e-01 1.010520140756637542e+00 1.046275232963395307e+00 1.014537574797548469e+00 1.008283142481269046e+00 1.011319619032040595e+00 9.234996942689653876e-01 9.379246088745195609e-01 1.037405941432795409e+00 1.028585813862628262e+00 9.928502048613880859e-01 1.041915844767556276e+00 1.106472173052560848e+00 1.045234869216474127e+00 9.698175999425310279e-01 1.003874662314354849e+00 1.122034827454112760e+00 1.154770242902783073e+00 1.107251854938090307e+00 1.075080066117856115e+00 1.047899999677550209e+00 9.598835775688212557e-01 8.488864144090688679e-01 8.135988061341801192e-01 7.690200536300263456e-01 7.922803352263716459e-01 7.856952500577462084e-01 8.147069427053256208e-01 8.157435881285020063e-01 7.138094927516429600e-01 8.463287490446547157e-01 8.632910196917871204e-01 8.775533609986081451e-01 8.206989422122835665e-01 7.932127133824966592e-01 6.139164783440428375e-01 6.693743061361823177e-01 7.052639985311942583e-01 7.755212619586895340e-01 9.315397666713270963e-01 9.373283795097666626e-01 9.000095773156201462e-01 8.868051089799838804e-01 9.105467954867908498e-01 9.747728584551462738e-01 1.058759933059248759e+00 1.166808405730343168e+00 1.028225744445810941e+00 1.103990385701866694e+00 1.059805147881230702e+00 9.352445078504725284e-01 8.745344148119994498e-01 9.687003655413988223e-01 9.666766449977872711e-01 7.916161720596488482e-01 7.705063397764324584e-01 8.159280751907818097e-01 7.844242692393293970e-01 7.849330889299979130e-01 8.626446877986930772e-01 9.825668377875487192e-01 9.779058230193808932e-01 8.182019955376708120e-01 7.874648972866199470e-01 8.769422399671464863e-01 9.670612826870641499e-01 1.276151337113134776e+00 1.253122379961965072e+00 9.949242626292671421e-01 8.074641801627748805e-01 9.978052852484566859e-01 1.036553065965913900e+00 9.877545710417763303e-01 9.589107841267762167e-01 7.682919069523107547e-01 6.779703512018447897e-01 9.007859608577398758e-01 9.520063593842480465e-01 7.365613619179270932e-01
9.297541476171564678e-01 9.401175854853295322e-01 9.150267997332423020e-01 9.257905527883524277e-01 9.977506855991036261e-01 9.878587614075946544e-01 9.737835325949526499e-01 9.842402876900908648e-01 9.903650468450265754e-01 9.965865220720150353e-01 1.019052135398631043e+00 1.019268085941332558e+00 1.002692160817222122e+00 1.037106396505984574e+00 9.688390172560826796e-01 9.613145017666686609e-01 9.975595548881931451e-01 9.593097727604151803e-01 9.417661819965533754e-01 9.577227351651096399e-01 1.004534218726998551e+00 1.026820033928801834e+00 9.806411406023181065e-01 9.653425732576549345e-01 1.014606153193749805e+00 1.055826271135435368e+00 1.102646286647673612e+00 1.084408228964804044e+00 1.020962742799608858e+00 9.293894936592628220e-01 8.443370364557444274e-01 8.506907422586131862e-01 8.281418056717069209e-01 7.870594950556909497e-01 8.184502845465863041e-01 7.597696425215277882e-01 7.938099311035632377e-01 8.378593253539429186e-01 8.973895794878681276e-01 7.994664367181311126e-01 7.597931866491843822e-01 8.477477700771414160e-01 7.620413725182303422e-01 6.016447786548833054e-01 6.717879202504023484e-01 7.924373759324400135e-01 7.873561299683813353e-01 8.135577671291532864e-01 8.719083522391698482e-01 9.012444551313834040e-01 8.436982217727871936e-01 9.419418917836618332e-01 1.058037799522888234e+00 1.075211576393527713e+00 1.111083201049046787e+00 1.035667571287562927e+00 1.096477855640721977e+00 1.001310198523469586e+00 8.377024694227898083e-01 9.020630439185426397e-01 1.091504738966235122e+00 1.057040378674329872e+00 8.484437707392390449e-01 7.270093378915253313e-01 7.177632571438024023e-01 7.010040958108836318e-01 7.770873416622171570e-01 8.694541161874073110e-01 1.096428576879524552e+00 1.123372383523151719e+00 7.693821608761099995e-01 6.116016787714895209e-01 7.328025927824340924e-01 8.300437599269260280e-01 1.139180318119473290e+00 1.213937635813990390e+00 8.270164634058025932e-01 7.447085939693730561e-01 8.628715121432436463e-01 8.941752569185977828e-01 8.997684981586087094e-01 1.025987572397435876e+00 9.285394683962213680e-01 8.285227317838701477e-01 1.039064432907636837e+00 1.030620632558326477e+00 8.584566613116919598e-01
1.039281918665367233e+00 1.006278442356433045e+00 9.495169836248855688e-01 9.477833125579947504e-01 9.552933775155497687e-01 9.815622949832718547e-01 9.714770463630167940e-01 9.903650468450265754e-01 1.006199531371375189e+00 9.926230451716671066e-01 9.771510550970653464e-01 9.799245774189550007e-01 9.444062829195685183e-01 9.520904137753281038e-01 1.030928056185073549e+00 1.038304568909144354e+00 9.583067065061530165e-01 9.512382393725097307e-01 9.531545593718894205e-01 9.561278266209999321e-01 9.652776546715958750e-01 9.655251227114063362e-01 9.634487028201739189e-01 9.972841164119441437e-01 9.902979424795391727e-01 9.538547823009946303e-01 1.039796773734694701e+00 9.973502583932795096e-01 1.020405417749038479e+00 9.541003084235772924e-01 8.498286213769987718e-01 8.590059843742012813e-01 9.338866623988784088e-01 8.443271510324644735e-01 8.080344317526648723e-01 8.710713560324651050e-01 9.041265137730464252e-01 8.655385537823989672e-01 8.510501376675838614e-01 7.652935896980396224e-01 7.976644055765672592e-01 8.488029500998381938e-01 8.388618696024965349e-01 7.685194415171002769e-01 7.787777209010073864e-01 8.951107177716915997e-01 9.613790678428931757e-01 8.382575795386899564e-01 9.405000429750453028e-01 8.867327426325407602e-01 8.999483435953744559e-01 1.072826972129240941e+00 1.093581627507236087e+00 1.000114770661121089e+00 9.970874402125000646e-01 1.021311815956562619e+00 1.042435199658670264e+00 8.171316196068820759e-01 7.519710611132971456e-01 8.818370334575943437e-01 9.541937247456711013e-01 9.679799409167236801e-01 9.420105090842066931e-01 7.671691088205211395e-01 7.310543526311111817e-01 8.456171624989208269e-01 8.399480559620164932e-01 9.060170110067126137e-01 1.195633052655944661e+00 1.034535798302157472e+00 7.088321154070518215e-01 5.095746467458383000e-01 6.100273840818186688e-01 9.676714377200056338e-01 1.043233896744828249e+00 1.022974533819103193e+00 9.485089858926897266e-01 8.319749426215954369e-01 8.387129730048451526e-01 7.925344942500867074e-01 9.168356384001038473e-01 1.209668418218421415e+00 1.086814583620819175e+00 7.816223583289663157e-01 8.454834829619612968e-01 8.530940549937712225e-01 9.661424690971842644e-01
1.068726089036474924e+00 1.006692413684824094e+00 1.016463706954664481e+00 1.044306931240635006e+00 9.951866780013571834e-01 1.012165597964174379e+00 1.010520140756637542e+00 9.965865220720150353e-01 9.926230451716671066e-01 9.926643703020185949e-01 9.833920292127146245e-01 9.879883913118790995e-01 9.615603135225289089e-01 9.437311207428519255e-01 1.008466135617137160e+00 1.052780971413542987e+00 9.995766152446795560e-01 1.003298609334919211e+00 9.633826215200111953e-01 9.915993034199680478e-01 9.586111878725310786e-01 9.148318089660170127e-01 8.437990588157943117e-01 9.689417582342061408e-01 1.087259275396767144e+00 9.863228897259487260e-01 9.607576838318843127e-01 9.836580775389525133e-01 9.847501457120885204e-01 9.349412924866951080e-01 8.185684368051139304e-01 7.973887896627526173e-01 8.952130687810000431e-01 8.206987230130872168e-01 8.213464103415561990e-01 9.662606213314185455e-01 9.223934003339491206e-01 7.241646552597686970e-01 7.943540971213102209e-01 7.773506894224047059e-01 8.472417472304675234e-01 8.126382063335593209e-01 7.526022828670853038e-01 7.686637465831537286e-01 8.846394670289621232e-01 9.264911543974522212e-01 8.592883386552748748e-01 7.722124602243735092e-01 8.300385220636016248e-01 8.538853969815856093e-01 9.657869513277866913e-01 1.161990867530674487e+00 1.111311908080756305e+00 1.049569038368290519e+00 1.049944481459138323e+00 1.038707330760863634e+00 9.072993946072447358e-01 8.286015953917948984e-01 7.322735924866369261e-01 8.785905913875687867e-01 9.091588901968360448e-01 7.756216895297245451e-01 7.123995190320090432e-01 8.297725789448566758e-01 8.108325351413595561e-01 7.743458189424358151e-01 8.231377684642686710e-01 7.898024792864374310e-01 9.734538921862267991e-01 1.087807250491505506e+00 1.008700702298545249e+00 7.630152390408693197e-01 7.811011216770150645e-01 9.124064973357186581e-01 9.817377680489998149e-01 9.498170649619763761e-01 1.002396945513733373e+00 1.004899912076657964e+00 9.247945777631453312e-01 9.151170395198767737e-01 1.092027620874537641e+00 1.251213523874844746e+00 1.063402603793200063e+00 7.764827914485669114e-01 6.313200149920570325e-01 7.736482660920521726e-01 9.456333675484301926e-01
1.007941810077867872e+00 9.864074607126935845e-01 1.046660340736262462e+00 1.103473277147112741e+00 1.070350827834135377e+00 1.067052108660778931e+00 1.046275232963395307e+00 1.019052135398631043e+00 9.771510550970653464e-01 9.833920292127146245e-01 9.978188502433442686e-01 9.894022239118515083e-01 9.806630440032229057e-01 9.848949860674151013e-01 9.940154713254362173e-01 1.011507447413611205e+00 1.015799084995434143e+00 9.914922664014957920e-01 9.722146449705060256e-01 9.771172523441123969e-01 1.012714720490378362e+00 9.811661432146175921e-01 8.970637691779413947e-01 1.035975060524954694e+00 1.111306001064048532e+00 1.045651128267782282e+00 1.008925516944831235e+00 9.730357542722707365e-01 9.580981052061386949e-01 9.631306110120846364e-01 8.087531794698685772e-01 7.890865631091281696e-01 8.126515120679072002e-01 7.848845775523703994e-01 7.496897256774220919e-01 8.420397319975466699e-01 8.765183380265366697e-01 7.628892933196224080e-01 7.575416440131043094e-01 8.322234239442574122e-01 9.171591678192628772e-01 7.884000228709820979e-01 6.980224358890617653e-01 7.583888650921766228e-01 9.335784759618823703e-01 8.938470591824551059e-01 7.896162568282649730e-01 8.702355659719641645e-01 7.840330436077384002e-01 8.470817195683333356e-01 9.846209190531173272e-01 1.096930234014050987e+00 1.184506404443289140e+00 1.146492276380395969e+00 1.115431817256779423e+00 9.778300848404282153e-01 1.081180564678740241e+00 9.795733052100733529e-01 8.720483954833725404e-01 9.432390603687240693e-01 1.044344509858756931e+00 8.814418374543645518e-01 5.985054535617800875e-01 7.428599853322129798e-01 8.309041249140162178e-01 6.491917278644026013e-01 7.913584882351598626e-01 7.976531532857077389e-01 7.551330839453990196e-01 9.871382754368565049e-01 1.028646088448264218e+00 8.500629333373135310e-01 8.216546661076989944e-01 7.932721643435611814e-01 8.300903153707215321e-01 1.114213006122527272e+00 1.078347557197347539e+00 8.493226962447214534e-01 7.938495092061593761e-01 8.511011598366110542e-01 9.688054800712443404e-01 8.991644161114772382e-01 9.132667704702919220e-01 8.465633313078083644e-01 6.215090503161332380e-01 6.429953345152609190e-01 8.725804743775280592e-01
9.195622535114833518e-01 1.032503312086091807e+00 1.080828083632549008e+00 1.076061199895915088e+00 1.050039350389316173e+00 1.010661129127841340e+00 1.014537574797548469e+00 1.019268085941332558e+00 9.799245774189550007e-01 9.879883913118790995e-01 9.894022239118515083e-01 9.959266023428704484e-01 1.004042284710699562e+00 1.012357332249522734e+00 1.003612487896774486e+00 9.877838689925447779e-01 9.943468425845642944e-01 9.625442806861338463e-01 9.883547230039245735e-01 9.619145654571352733e-01 9.829009596160824813e-01 9.967295284245014653e-01 1.024285815066231731e+00 1.061486782079582802e+00 9.994062494641245964e-01 9.756823420313248674e-01 1.034667764590115668e+00 9.395669764521444867e-01 9.763704897352686318e-01 9.800126550026803107e-01 8.223284572373712464e-01 8.170950052102453620e-01 8.809121521960983081e-01 8.223558108322374105e-01 7.223862048036551187e-01 7.758592024123267539e-01 7.540927965666340826e-01 8.042756131364756644e-01 8.561966475797299081e-01 8.540877230989796232e-01 8.297115429550597776e-01 8.084089974677243218e-01 7.881326981357683614e-01 7.857535800089425759e-01 8.259116176284817534e-01 9.155805428234793375e-01 1.014477347295556164e+00 9.744195670752945349e-01 7.989294435094131952e-01 9.228947559434644843e-01 1.051913103742782241e+00 1.005163472111170408e+00 1.064489411153117571e+00 1.152228198359285249e+00 1.073495172672379372e+00 9.443312678424518047e-01 1.216134157980543362e+00 1.270580626927377832e+00 1.033997972820406952e+00 9.294666126486088586e-01 9.557243571906453017e-01 9.399279818701986589e-01 8.379134255972793266e-01 7.745348185943822239e-01 7.437656679321636988e-01 7.049445651027854698e-01 9.516857819841564314e-01 8.772142838328036429e-01 7.200078882808343961e-01 7.576941110501251853e-01 7.736939092397193685e-01 6.728021977586353675e-01 6.172890319385848645e-01 6.967825391931316004e-01 1.021950351284421465e+00 1.259786558015082436e+00 9.191597074182586979e-01 6.015825516736736933e-01 6.570205047442422286e-01 7.477086256381781926e-01 6.792348816543238854e-01 5.996983136827059857e-01 8.159066920603269546e-01 8.970022023184995863e-01 7.715737535491369314e-01 7.431905719372935426e-01 8.903131826251715619e-01
9.594334983188524957e-01 1.019957629378653641e+00 1.011109439177475311e+00 1.001249089419399052e+00 1.018534450568202354e+00 9.931125919827281656e-01 1.008283142481269046e+00 1.002692160817222122e+00 9.444062829195685183e-01 9.615603135225289089e-01 9.806630440032229057e-01 1.004042284710699562e+00 1.009572115870143616e+00 1.007382114157415964e+00 1.009225267036517826e+00 1.004388113455548792e+00 9.780856549214007600e-01 9.916359480494518763e-01 1.013543797932692225e+00 9.573407675335919853e-01 9.720927695184838901e-01 9.724973912315511004e-01 9.960570564864439369e-01 1.066675257687117462e+00 9.678878616210883079e-01 9.714307904291885620e-01 1.039985079774899068e+00 9.824677328716150404e-01 9.719765241650195620e-01 9.317943114173860009e-01 8.479633074423785777e-01 8.078356991878823390e-01 8.799752629077624011e-01 8.944399815832687617e-01 8.520626908038561043e-01 8.179914048443196473e-01 7.162004370731062108e-01 7.516411295187231945e-01 9.009484149206847814e-01 8.447306067198389057e-01 7.909212956969067232e-01 8.031445227813387433e-01 8.371499273159859200e-01 8.664024775700623904e-01 8.497971221050159008e-01 9.318363568792337182e-01 9.044589462940674229e-01 7.897850699723860668e-01 7.956849122936459073e-01 9.060606599694107643e-01 1.002469677925136304e+00 1.064179280507525860e+00 9.467504402591433443e-01 9.767027459163754033e-01 9.855386589380681350e-01 9.796587523454863833e-01 1.041086685878442886e+00 1.162328789007079033e+00 1.055109766885007350e+00 1.099982535576401022e+00 1.183389371003098711e+00 9.602363065999902636e-01 9.464905861112978824e-01 8.899410216408262242e-01 8.306119726401426373e-01 8.160887494663250363e-01 1.046635530651168100e+00 1.038198774477357533e+00 9.652988117360629117e-01 8.800196134555343663e-01 7.964065095565702190e-01 6.519844746354535037e-01 6.408238530641764408e-01 7.930920706981351431e-01 1.059145696086271959e+00 1.164879664946041116e+00 8.423550912823946080e-01 7.181081008699634616e-01 6.659627674653489926e-01 7.404455541768618643e-01 7.372836202786784421e-01 7.403301360083603955e-01 8.230808039865232795e-01 9.734932419342656740e-01 9.816333030199576593e-01 8.480673680438083339e-01 7.816089795789508132e-01
9.932872327782514832e-01 9.311149269439298326e-01 9.436481315021154614e-01 9.858534322358140090e-01 1.008781107076362149e+00 9.804226409152504429e-01 1.011319619032040595e+00 1.037106396505984574e+00 9.520904137753281038e-01 9.437311207428519255e-01 9.848949860674151013e-01 1.012357332249522734e+00 1.007382114157415964e+00 1.000076421946178185e+00 9.917959490301586634e-01 9.871645512101031583e-01 9.910364321231538431e-01 1.030893631180563874e+00 1.025320329873763425e+00 9.557570137609614491e-01 9.626844652058847984e-01 9.452508824677873234e-01 9.696937368131349766e-01 1.022026038721217667e+00 1.067982915299652280e+00 9.958506751410245439e-01 9.889345994020434238e-01 1.030395747862830502e+00 1.014859801840699571e+00 9.367718221099160525e-01 9.154544276547911252e-01 8.027592857922887237e-01 8.718381261340015786e-01 9.057432348789343779e-01 9.164438916454450412e-01 8.090668971120427155e-01 7.653891843517518501e-01 7.924360705822798279e-01 7.698418503323929407e-01 8.780208065964657527e-01 8.736262584557134003e-01 7.994850021159461972e-01 8.066991123333240310e-01 8.169833167758175918e-01 8.366499017852960796e-01 9.286312375315715073e-01 8.095422382596402233e-01 6.958023225969810488e-01 7.947956570497878293e-01 9.236004758758969979e-01 9.589439202622783709e-01 1.037490383776409786e+00 1.002300797032014579e+00 8.908698396593097701e-01 9.823412196107189631e-01 1.062277005635008820e+00 1.062829094800195939e+00 9.414875915912145343e-01 1.063904686446977887e+00 1.179134764218008558e+00 1.004730356246615441e+00 1.054447352193799148e+00 9.502698866798486854e-01 1.098033877365984345e+00 8.058966341476060391e-01 7.858666737728018381e-01 9.123349816428623082e-01 1.024199076092917382e+00 1.150655301674820885e+00 1.036177450798481336e+00 9.842361588309280762e-01 7.991229338413862182e-01 6.564716220301469729e-01 8.956821850756352399e-01 9.819714370612185883e-01 9.817464940834947917e-01 9.156383657482191074e-01 6.693983978199717910e-01 7.018495937451738609e-01 8.829298250401356185e-01 7.948690462940500856e-01 8.969364385509646098e-01 9.631570319361606458e-01 8.261476774813186763e-01 8.075440058592789905e-01 8.647541406806654729e-01 7.936270138013066244e-01
1.001162409564764433e+00 9.591627783113266803e-01 9.360344190670948361e-01 9.677268745234077763e-01 9.946594973136454465e-01 9.794819837219022052e-01 9.234996942689653876e-01 9.688390172560826796e-01 1.030928056185073549e+00 1.008466135617137160e+00 9.940154713254362173e-01 1.003612487896774486e+00 1.009225267036517826e+00 9.917959490301586634e-01 9.800589447869066939e-01 9.870848831250232935e-01 1.013902624209222392e+00 1.018594056057615882e+00 1.030174426396946563e+00 1.029688632130096870e+00 9.660103122267587050e-01 9.112237189172165408e-01 9.585261588864909532e-01 1.078224825191433478e+00 1.108993484524771977e+00 9.491992438928148479e-01 9.373809862000618276e-01 9.870666213029187785e-01 9.632815356185960853e-01 9.386243840815967632e-01 9.081825145450145298e-01 8.890776447307282560e-01 9.016132260490831163e-01 9.119161192961564577e-01 7.768845396063367437e-01 7.339954705702893545e-01 7.799410930367934869e-01 7.551666457565858748e-01 7.605329060567795896e-01 8.212557412636253273e-01 9.127776045744077082e-01 8.943392924113584552e-01 7.727605379031463606e-01 7.044024108845261534e-01 7.688264634659923713e-01 8.360643739781263850e-01 8.172961775416990315e-01 7.702141698911525447e-01 7.547872861080270335e-01 7.953246337484610740e-01 8.441658496660650046e-01 9.483258632177330449e-01 8.887464284203961951e-01 8.848388723130784506e-01 1.030415939634541589e+00 1.141569365735767283e+00 1.172585427776116740e+00 8.977203628077987663e-01 9.071170577256730816e-01 9.802676199405548907e-01 7.120111811582228167e-01 7.821953527848929388e-01 9.844957817081491092e-01 1.099127426082163517e+00 8.856904748752619794e-01 8.072097335562229414e-01 8.433281011036257713e-01 1.093524855356302616e+00 1.051220254041684399e+00 9.416810523463151616e-01 1.003265847022662305e+00 8.711709803178803169e-01 7.641170997161544909e-01 9.629384708859971553e-01 9.060407536187362609e-01 9.270429796414839663e-01 6.849975896415508858e-01 6.022087765147523530e-01 7.645753270585723405e-01 7.500864263747539784e-01 7.957514164691578129e-01 9.401743981360898283e-01 9.738987398757672498e-01 7.633616046577196279e-01 6.569997147715788133e-01 8.117184666168719698e-01 8.291624467462446191e-01
1.028821437338696132e+00 1.070267062913717870e+00 9.833379103310909697e-01 9.472291590295146557e-01 1.004996530173830172e+00 9.959755774493538327e-01 9.379246088745195609e-01 9.613145017666686609e-01 1.038304568909144354e+00 1.052780971413542987e+00 1.011507447413611205e+00 9.877838689925447779e-01 1.004388113455548792e+00 9.871645512101031583e-01 9.870848831250232935e-01 9.927962877263247776e-01 9.914548138364801533e-01 1.000825195211503038e+00 1.005915009502206026e+00 1.007746271513137337e+00 1.020596079559165981e+00 9.829291291889700188e-01 9.535718884333291845e-01 1.045339437403864036e+00 1.091888313115951359e+00 9.547652007980309552e-01 9.640466829469296339e-01 9.617885521706336371e-01 9.426018297297089621e-01 9.239356723787832681e-01 8.901751401818058795e-01 8.906923079351298789e-01 8.467298917712580142e-01 8.131020190491435873e-01 6.725266856065365007e-01 6.823672966594666045e-01 7.801020401641801660e-01 7.737519032370320238e-01 7.555839084485076462e-01 7.893031280763468382e-01 8.334503138946729450e-01 8.534913087691653466e-01 7.794721307117271625e-01 7.166954646967247378e-01 7.695629794757422593e-01 8.072346371256764463e-01 8.022069394825778188e-01 7.724125859569654917e-01 7.590106431418089938e-01 8.177974403720591479e-01 8.820966229391290492e-01 9.262085801162204257e-01 8.905749155430257025e-01 9.848287064389490419e-01 1.133699701430403994e+00 1.127062433344844017e+00 1.074991742738719225e+00 1.001596156355873957e+00 1.004886550055303474e+00 9.209248608430096183e-01 7.032577962192937404e-01 6.547381804088755475e-01 8.904015458227243496e-01 1.008303982946882282e+00 9.730374766971825462e-01 7.922566905732930653e-01 7.786558859262152632e-01 1.018163478821486168e+00 9.027082958085836939e-01 8.637725383650928235e-01 8.991374496026056651e-01 8.315982448564063212e-01 7.162253264875815262e-01 9.642369849561749362e-01 1.147559907912685917e+00 1.001591225700117160e+00 6.499747237114599230e-01 7.195028721839187291e-01 8.703963626023077937e-01 7.876218942855585103e-01 8.611595302691493758e-01 9.001484443168312755e-01 8.517909548441344736e-01 9.249327732341012798e-01 7.280925229178573099e-01 6.021693371813719997e-01 6.452110558149269925e-01
1.129173055839721274e+00 1.147126619908736656e+00 1.039918518129062219e+00 1.030035237950279736e+00 1.020769642465025884e+00 1.012837199969236490e+00 1.037405941432795409e+00 9.975595548881931451e-01 9.583067065061530165e-01 9.995766152446795560e-01 1.015799084995434143e+00 9.943468425845642944e-01 9.780856549214007600e-01 9.910364321231538431e-01 1.013902624209222392e+00 9.914548138364801533e-01 9.829194433447900892e-01 1.001052442111330487e+00 9.789012172633179132e-01 9.757287643620379258e-01 1.019342031007195226e+00 1.015060112089241739e+00 9.316970275581032412e-01 9.855481604560627495e-01 1.073275386318047531e+00 1.021355237496172519e+00 9.503729946465953038e-01 9.301935821382685265e-01 9.367685181984758414e-01 9.141513858258975000e-01 8.369464294433893725e-01 7.373292697882768421e-01 7.768661958541634993e-01 7.464391953595708173e-01 7.311516157651815062e-01 7.741025071779703559e-01 7.757331079621887504e-01 7.785124977982873506e-01 8.276712350263711881e-01 9.093857750644535054e-01 8.586739291774475591e-01 7.690010259625198463e-01 7.658746244469599729e-01 7.794393231671795652e-01 7.484926313016878607e-01 7.583768429695143531e-01 8.140504035579100295e-01 7.454207348467252192e-01 7.978972370332283459e-01 9.463613240666126636e-01 9.938717691786729258e-01 8.931923816675427785e-01 8.407666688256195675e-01 1.030708912688578227e+00 1.169224975085678464e+00 1.051891324951524265e+00 9.523663722457810232e-01 1.031707205681989370e+00 1.023494907931822295e+00 9.464549689753147810e-01 9.177618899070479896e-01 8.688068314411304671e-01 8.682832938429084768e-01 9.231262468553189660e-01 8.547090000166966961e-01 5.862088585986433564e-01 6.577148052087908869e-01 8.655391454512568750e-01 8.482787339213141431e-01 8.128185969232618602e-01 7.925016478794090213e-01 6.986581056067817652e-01 7.048259681525549381e-01 9.236064737426749049e-01 1.118086742610937767e+00 1.022451940983099661e+00 8.613215329076004956e-01 7.931095414774051999e-01 8.813726167884629037e-01 8.803407829757490255e-01 8.208901518301505718e-01 8.032310020981655585e-01 9.113441725180514430e-01 9.419185398108039786e-01 9.192158714497937755e-01 7.808512672955286726e-01 6.811561775213098580e-01
1.107515821771732245e+00 1.102619824951868832e+00 1.093525915627999723e+00 1.022831295297357723e+00 9.983530938734272997e-01 1.040260178379507350e+00 1.028585813862628262e+00 9.593097727604151803e-01 9.512382393725097307e-01 1.003298609334919211e+00 9.914922664014957920e-01 9.625442806861338463e-01 9.916359480494518763e-01 1.030893631180563874e+00 1.018594056057615882e+00 1.000825195211503038e+00 1.001052442111330487e+00 1.000382312636042492e+00 9.906297334911178254e-01 9.738050542417588940e-01 9.898282770814798015e-01 9.705418754165970885e-01 9.471470978359364246e-01 1.027798710124412596e+00 1.041425290383161562e+00 1.002513048146192576e+00 9.371585418007125634e-01 8.959296335343639450e-01 9.327029749046357177e-01 9.228535604040697393e-01 8.475132445646355039e-01 7.518267406584303592e-01 7.461311325647056458e-01 7.682556094400798674e-01 8.262213204506413389e-01 8.995383027727910097e-01 8.563371832791870641e-01 7.541874205954889332e-01 8.347488191416250203e-01 8.841349071854325281e-01 8.499422061545448548e-01 8.519980870088603719e-01 8.284444131258041910e-01 8.154702810239077282e-01 7.463173606226432000e-01 7.152543236629702594e-01 7.421360351487157336e-01 7.324213702704867046e-01 7.680503257871524880e-01 9.649238317668968890e-01 1.002718026744185087e+00 8.978079061529664617e-01 9.140655737117742152e-01 1.120229721187897987e+00 1.168434138892957996e+00 1.141729293068248330e+00 1.084886787477653103e+00 1.013578284671793561e+00 1.046858929840851049e+00 1.213364309734734192e+00 1.189977755689778594e+00 1.066806801379187819e+00 9.271216881997651482e-01 8.327502325912485848e-01 6.973326082989567132e-01 6.621201456890709602e-01 6.402694543333004029e-01 7.707020166346649770e-01 8.579951394612793658e-01 7.937046892880844640e-01 8.713582242803269429e-01 9.443615968036735975e-01 9.091666022697462157e-01 1.017499030139666694e+00 1.048120875926891404e+00 1.034586302547171544e+00 9.208762351475004992e-01 8.715271344716932767e-01 8.682414236276035924e-01 8.271851932284540743e-01 9.012296499862345600e-01 9.441584099210583725e-01 9.773189243873900978e-01 9.359286791514239701e-01 1.096444300261688598e+00 1.013205763423936423e+00 8.502928620871694765e-01
